[gd_scene load_steps=17 format=3 uid="uid://bqqgyqafm7xwp"]

[ext_resource type="Environment" uid="uid://bqnqgflivjvue" path="res://scenes/main-environment.tres" id="1_ahusb"]
[ext_resource type="Script" uid="uid://djpme521r3cxe" path="res://scripts/main.gd" id="1_jkv2x"]
[ext_resource type="PackedScene" uid="uid://dl2ed4gkybggf" path="res://objects/player.tscn" id="2_onms2"]
[ext_resource type="Script" uid="uid://bcg2kkbsnttec" path="res://scripts/view.gd" id="5_bg0fr"]
[ext_resource type="PackedScene" uid="uid://cnymdajj1vsqm" path="res://objects/platform.tscn" id="6_sdmev"]
[ext_resource type="PackedScene" uid="uid://rjh4ifidqrfp" path="res://objects/platform_medium.tscn" id="7_ixpj3"]
[ext_resource type="PackedScene" uid="uid://uqr4hswv6d2g" path="res://objects/platform_grass_large_round.tscn" id="8_4oh1e"]
[ext_resource type="PackedScene" uid="uid://c8up71en5djgm" path="res://objects/platform_falling.tscn" id="9_2fnpo"]
[ext_resource type="PackedScene" uid="uid://dfpisimsgf5ce" path="res://objects/coin.tscn" id="10_fwhys"]
[ext_resource type="Script" uid="uid://bap462su1xjtx" path="res://scripts/hud.gd" id="11_apvpm"]
[ext_resource type="PackedScene" uid="uid://cuscg3v01hmux" path="res://models/Textures/flag.tscn" id="12_jbj1t"]
[ext_resource type="PackedScene" uid="uid://85ldumyetgou" path="res://objects/brick.tscn" id="12_jkv2x"]
[ext_resource type="PackedScene" uid="uid://dy017k58p20sk" path="res://objects/cloud.tscn" id="13_drtpy"]
[ext_resource type="Texture2D" uid="uid://cd7oyc56ehkx1" path="res://sprites/coin.png" id="13_jfda3"]
[ext_resource type="FontFile" uid="uid://d0cxd77jybrcn" path="res://fonts/lilita_one_regular.ttf" id="17_tk810"]

[sub_resource type="LabelSettings" id="LabelSettings_38ys3"]
font = ExtResource("17_tk810")
font_size = 48
shadow_color = Color(0, 0, 0, 0.376471)
shadow_offset = Vector2(2, 2)

[node name="Main" type="Node3D"]
script = ExtResource("1_jkv2x")

[node name="Environment" type="WorldEnvironment" parent="."]
environment = ExtResource("1_ahusb")

[node name="Player" parent="." node_paths=PackedStringArray("view") groups=["player"] instance=ExtResource("2_onms2")]
transform = Transform3D(1, 0, 0, 0, 1, 0, 0, 0, 1, 0.026321769, 0.5459404, 0.12048817)
view = NodePath("../View")

[node name="View" type="Node3D" parent="." node_paths=PackedStringArray("target")]
transform = Transform3D(0.707107, -0.298836, 0.640856, 0, 0.906308, 0.422618, -0.707107, -0.298836, 0.640856, 0, 0, 0)
script = ExtResource("5_bg0fr")
target = NodePath("../Player")

[node name="Camera" type="Camera3D" parent="View"]
transform = Transform3D(1, 0, 0, 0, 1, 0, 0, 0, 1, 0, 0, 10)
current = true
fov = 40.0

[node name="World" type="Node3D" parent="."]

[node name="platform" parent="World" instance=ExtResource("6_sdmev")]
transform = Transform3D(0.993085, 0, -0.117399, 0, 1, 0, 0.117399, 0, 0.993085, 0, 0, 0)

[node name="platform4" parent="World" instance=ExtResource("6_sdmev")]
transform = Transform3D(0.993085, 0, -0.117399, 0, 1, 0, 0.117399, 0, 0.993085, -12.150296, 0.055338144, 4)

[node name="platform5" parent="World" instance=ExtResource("6_sdmev")]
transform = Transform3D(0.85008585, 0, -0.5266446, 0, 1, 0, 0.5266446, 0, 0.85008585, -20.238693, 0.3466103, -0.36157322)

[node name="platform6" parent="World" instance=ExtResource("6_sdmev")]
transform = Transform3D(0.9779442, 0, 0.20886743, 0, 1, 0, -0.20886743, 0, 0.9779442, -21.847094, 1.1488078, -2.5867853)

[node name="platform2" parent="World" instance=ExtResource("6_sdmev")]
transform = Transform3D(0.960167, 0, -0.27942684, 0, 1, 0, 0.27942684, 0, 0.960167, -8.792336, 2, -9.739889)

[node name="platform3" parent="World" instance=ExtResource("6_sdmev")]
transform = Transform3D(0.6788263, 0, -0.7342992, 0, 1, 0, 0.7342992, 0, 0.6788263, -8.450218, 2.6740613, -12.070111)

[node name="platform-medium" parent="World" instance=ExtResource("7_ixpj3")]
transform = Transform3D(0.996134, 0, 0.0878512, 0, 1, 0, -0.0878512, 0, 0.996134, -0.4591155, -0.26629663, 3.3747191)

[node name="platform-medium2" parent="World" instance=ExtResource("7_ixpj3")]
transform = Transform3D(0.8063928, 0, -0.5913799, 0, 1, 0, 0.5913799, 0, 0.8063928, -4.951925, 0, 4)

[node name="platform-medium4" parent="World" instance=ExtResource("7_ixpj3")]
transform = Transform3D(0.929796, 0, -0.368076, 0, 1, 0, 0.368076, 0, 0.929796, -18.7086, 1.5078611, -4.572169)

[node name="platform-medium3" parent="World" instance=ExtResource("7_ixpj3")]
transform = Transform3D(1, 0, 0, 0, 1, 0, 0, 0, 1, -5.4502177, 3, -12.739889)

[node name="platform-falling" parent="World" instance=ExtResource("9_2fnpo")]
transform = Transform3D(0.984808, 0, 0.173648, 0, 1, 0, -0.173648, 0, 0.984808, -9, 0.419294, 4)

[node name="platform-falling2" parent="World" instance=ExtResource("9_2fnpo")]
transform = Transform3D(0.994522, 0, -0.104528, 0, 1, 0, 0.104528, 0, 0.994522, -14.923367, 0.21740651, 3.3946347)

[node name="platform-falling3" parent="World" instance=ExtResource("9_2fnpo")]
transform = Transform3D(0.939693, 0, 0.34202, 0, 1, 0, -0.34202, 0, 0.939693, -14.907327, 1.8303, -4.531451)

[node name="platform-grass-large-round" parent="World" instance=ExtResource("8_4oh1e")]
transform = Transform3D(1, 0, 0, 0, 1, 0, 0, 0, 1, -11.88383, 1, -7.8535757)

[node name="platform-grass-large-round2" parent="World" instance=ExtResource("8_4oh1e")]
transform = Transform3D(1, 0, 0, 0, 1, 0, 0, 0, 1, -18.930225, 0.43064427, 3.500772)

[node name="coin" parent="World" instance=ExtResource("10_fwhys")]
transform = Transform3D(1, 0, 0, 0, 1, 0, 0, 0, 1, -0.4591155, 0.3687036, 3.3747191)

[node name="coin10" parent="World" instance=ExtResource("10_fwhys")]
transform = Transform3D(0.7441133, 0, -0.6680534, 0, 1, 0, 0.6680534, 0, 0.7441133, -4.951925, 0.635, 4)

[node name="coin2" parent="World" instance=ExtResource("10_fwhys")]
transform = Transform3D(-0.73053193, 0, -0.68287855, 0, 1, 0, 0.68287855, 0, -0.73053193, -5.08848, 3.8883982, -7.0442824)

[node name="coin3" parent="World" instance=ExtResource("10_fwhys")]
transform = Transform3D(-0.73053193, 0, -0.68287855, 0, 1, 0, 0.68287855, 0, -0.73053193, -4.405601, 3.8883982, -6.3137503)

[node name="coin5" parent="World" instance=ExtResource("10_fwhys")]
transform = Transform3D(1, 0, 0, 0, 1, 0, 0, 0, 1, -14.927727, 2.54941, -4.507891)

[node name="coin6" parent="World" instance=ExtResource("10_fwhys")]
transform = Transform3D(1, 0, 0, 0, 1, 0, 0, 0, 1, -18.5775, 2.20472, -4.3718987)

[node name="coin7" parent="World" instance=ExtResource("10_fwhys")]
transform = Transform3D(1, 0, 0, 0, 1, 0, 0, 0, 1, -18.5775, 3.2047203, -4.3718987)

[node name="coin8" parent="World" instance=ExtResource("10_fwhys")]
transform = Transform3D(1, 0, 0, 0, 1, 0, 0, 0, 1, -11.7583475, 0.83560586, 3.99354)

[node name="coin9" parent="World" instance=ExtResource("10_fwhys")]
transform = Transform3D(1, 0, 0, 0, 1, 0, 0, 0, 1, -5.4502177, 5, -12.739889)

[node name="coin4" parent="World" instance=ExtResource("10_fwhys")]
transform = Transform3D(-0.73053193, 0, -0.68287855, 0, 1, 0, 0.68287855, 0, -0.73053193, -3.722723, 3.8883982, -5.583219)

[node name="coin11" parent="World" instance=ExtResource("10_fwhys")]
transform = Transform3D(1, 0, 0, 0, 1, 0, 0, 0, 1, -12.134034, 1.6174104, -7.857797)

[node name="coin12" parent="World" instance=ExtResource("10_fwhys")]
transform = Transform3D(1, 0, 0, 0, 1, 0, 0, 0, 1, -19.093803, 1.2060874, 3.6875532)

[node name="coin13" parent="World" instance=ExtResource("10_fwhys")]
transform = Transform3D(1, 0, 0, 0, 1, 0, 0, 0, 1, -21.888624, 2.196261, -2.5783)

[node name="coin14" parent="World" instance=ExtResource("10_fwhys")]
transform = Transform3D(1, 0, 0, 0, 1, 0, 0, 0, 1, -21.888624, 2.95614, -2.5783)

[node name="cube8" parent="World" instance=ExtResource("13_drtpy")]
transform = Transform3D(0.6543978, 0, 0.7561505, 0, 1, 0, -0.7561505, 0, 0.6543978, -0.22422981, 5.4453855, -11.817263)

[node name="cube9" parent="World" instance=ExtResource("13_drtpy")]
transform = Transform3D(0.8197677, -0.047189534, 1.823665, 0.6720071, 1.8665483, -0.25377917, -1.6959915, 0.7167779, 0.7809239, -0.21034718, 5.7094355, -14.167053)

[node name="cube10" parent="World" instance=ExtResource("13_drtpy")]
transform = Transform3D(1.32811, 0.370441, 0.259369, -0.293866, 1.3186, -0.37854, -0.34372, 0.30401, 1.32582, -17.008564, 1.2823596, -11.580338)

[node name="cube11" parent="World" instance=ExtResource("13_drtpy")]
transform = Transform3D(0.476646, 0.924607, 0.941422, -0.929853, 0.945559, -0.457882, -0.93624, -0.468385, 0.934042, -9.467535, 2.0381904, 11.509415)

[node name="cube12" parent="World" instance=ExtResource("13_drtpy")]
transform = Transform3D(-1.02876, -0.695523, 0.652886, -0.929853, 0.945557, -0.457881, -0.213027, -0.768461, -1.15432, -9.201835, 2.7950804, 13.743215)

[node name="cube13" parent="World" instance=ExtResource("13_drtpy")]
transform = Transform3D(1.56209, -1.37982, 1.71508, 1.97375, 1.80907, -0.342241, -0.974547, 1.4522, 2.05595, -23.329147, 2.03819, -12.9075)

[node name="cube14" parent="World" instance=ExtResource("13_drtpy")]
transform = Transform3D(1.56209, -1.37982, 1.71508, 1.97375, 1.80907, -0.342241, -0.974547, 1.4522, 2.05595, -18.597479, 2.0381904, 9.773484)

[node name="brick" parent="World" instance=ExtResource("12_jkv2x")]
transform = Transform3D(1, 0, 0, 0, 1, 0, 0, 0, 1, -0.5782504, 1.7194242, 3.2861013)

[node name="brick2" parent="World" instance=ExtResource("12_jkv2x")]
transform = Transform3D(0.8552648, 0, -0.5181912, 0, 1, 0, 0.5181912, 0, 0.8552648, -12.188209, 3.2150104, -7.873146)

[node name="brick3" parent="World" instance=ExtResource("12_jkv2x")]
transform = Transform3D(0.93908226, 0, 0.34369248, 0, 1, 0, -0.34369248, 0, 0.93908226, -19.038916, 2.6456552, 3.7830594)

[node name="flag2" parent="World" instance=ExtResource("12_jbj1t")]
transform = Transform3D(0.88192946, 0, -0.47138137, 0, 1, 0, 0.47138137, 0, 0.88192946, -4.5949593, 3.4211326, -13.206007)

[node name="platform-medium5" parent="World" instance=ExtResource("7_ixpj3")]
transform = Transform3D(0.6427879, 0, 0.76604474, 0, 1, 0, -0.76604474, 0, 0.6427879, -9.500239, 1.6466291, -4.410118)

[node name="platform7" parent="World" instance=ExtResource("6_sdmev")]
transform = Transform3D(0.960167, 0, -0.27942684, 0, 1, 0, 0.27942684, 0, 0.960167, -7.0485983, 2.3305602, -2.8175387)

[node name="platform8" parent="World" instance=ExtResource("6_sdmev")]
transform = Transform3D(0.960167, 0, -0.27942684, 0, 1, 0, 0.27942684, 0, 0.960167, -4.678843, 3.027316, -3.6463788)

[node name="platform-medium6" parent="World" instance=ExtResource("7_ixpj3")]
transform = Transform3D(0.08019896, 0, 0.99677926, 0, 1, 0, -0.99677926, 0, 0.08019896, -4.4971347, 3.6216817, -6.2879963)

[node name="cube15" parent="World" instance=ExtResource("13_drtpy")]
transform = Transform3D(-0.9921649, 0, -0.12493486, -0.06403381, 0.8586648, 0.50852174, 0.10727717, 0.51253754, -0.8519371, -0.16696757, 1.571555, 8.071478)

[node name="cube16" parent="World" instance=ExtResource("13_drtpy")]
transform = Transform3D(-1.2229904, 0.3607341, -0.5852605, 0.14828902, 1.3046379, 0.49426258, 0.6713214, 0.36899397, -1.1753888, -1.7480547, 0.9073144, 9.699475)

[node name="cube17" parent="World" instance=ExtResource("13_drtpy")]
transform = Transform3D(0.9815967, 0, 1.1342257, 0, 1.5, 0, -1.1342257, 0, 0.9815967, -2.721983, 5.4453855, -16.243483)

[node name="Sun" type="DirectionalLight3D" parent="."]
transform = Transform3D(-0.422618, -0.694272, 0.582563, 0, 0.642788, 0.766044, -0.906308, 0.323744, -0.271654, 0, 0, 0)
shadow_enabled = true
shadow_opacity = 0.75

[node name="HUD" type="Control" parent="."]
layout_mode = 3
anchors_preset = 13
anchor_left = 0.5
anchor_right = 0.5
anchor_bottom = 1.0
offset_left = -640.0
offset_right = 640.0
grow_horizontal = 2
grow_vertical = 2
size_flags_horizontal = 8
size_flags_vertical = 8
script = ExtResource("11_apvpm")

[node name="Icon" type="TextureRect" parent="HUD"]
layout_mode = 0
offset_left = 57.0
offset_top = 67.0
offset_right = 313.0
offset_bottom = 323.0
scale = Vector2(0.2, 0.2)
texture = ExtResource("13_jfda3")

[node name="x" type="Label" parent="HUD"]
layout_mode = 0
offset_left = 112.0
offset_top = 64.0
offset_right = 144.0
offset_bottom = 123.0
text = "×"
label_settings = SubResource("LabelSettings_38ys3")
metadata/_edit_use_anchors_ = true

[node name="Coins" type="Label" parent="HUD"]
layout_mode = 0
offset_left = 144.0
offset_top = 64.0
offset_right = 368.0
offset_bottom = 123.0
text = "0"
label_settings = SubResource("LabelSettings_38ys3")
metadata/_edit_use_anchors_ = true

[node name="HowTo" type="Label" parent="HUD"]
layout_mode = 1
anchors_preset = 1
anchor_left = 1.0
anchor_right = 1.0
offset_left = -40.0
offset_bottom = 23.0
grow_horizontal = 0
theme_override_fonts/font = ExtResource("17_tk810")
theme_override_font_sizes/font_size = 20
text = "Use (W,A,S,D) to move.
(Space) to jump.
(Arrow keys) to rotate the camera."
horizontal_alignment = 2

[connection signal="coin_collected" from="Player" to="HUD" method="_on_coin_collected"]
